[ananyaphoto.jpg]
filters=Border=1,20.000000,5.000000,0.000000,ffc194a8,00ffffff,0.000000;Polaroid=1,0.058479,ffb87795;unsharp2=1,0.600000;
moddate=0000f94f7bce0000
width=778
height=906
textactive=0
[ananyaphoto.1.jpg]
filters=crop64=1,111f113bf07bcfa9;
crop=rect64(111f113bf07bcfa9)
moddate=00003a507bce0000
width=957
height=1144
textactive=0
